4060428881878328|01|2026|332
4060423025523260|10|2027|236
4060425413455302|06|2027|153
4060423682418457|08|2027|706
4060421376284318|01|2027|742
4060421246321381|12|2027|657
4060425327850010|08|2026|445
4060427405848254|09|2024|157
4060423541833540|06|2025|436
4060428110504687|05|2025|847
4060427115253415|09|2026|322
4060422885107115|08|2027|244
4060428874525175|02|2027|188
4060422810574827|11|2027|050
4060425340101623|09|2025|210
4060427346787702|02|2026|087
4060424118440545|09|2026|543
4060421345561184|09|2024|152
4060421561177582|12|2024|567
4060426427101650|12|2026|256
4060425666644123|02|2026|003
4060421730572275|10|2024|435
4060422618574466|11|2025|741
4060427005475730|07|2026|250
4060426648473060|08|2025|676
4060427811322712|12|2026|178
4060423436364221|01|2026|267
4060425746426756|06|2024|451
4060425264347186|04|2027|883
4060428082862063|12|2026|236
4060428024201073|03|2025|127
4060420542760334|05|2024|238
4060420232285733|10|2025|824
4060423621606261|06|2026|814
4060421542041048|05|2025|066
4060420343734371|12|2024|328
4060426818608388|09|2026|180
4060423522051104|06|2026|461
4060425334566641|09|2026|163
4060425157058171|01|2024|863
4060424475034881|10|2025|681
4060425146331473|05|2027|525
4060428366010330|06|2026|301
4060425401630361|04|2024|048
4060428725837571|01|2025|244
4060422302856658|05|2025|424
4060420351280036|10|2024|131
4060426401236332|05|2025|310
4060420516103073|10|2024|604
4060422837000624|07|2025|320
4060421660716355|11|2024|734
4060424012751674|08|2025|657
4060420118448843|11|2027|015
4060425501747016|12|2025|872
4060420336616437|02|2026|487
4060427448860654|04|2027|763
4060423012875475|06|2025|856
4060425715762140|01|2025|450
4060420712366581|11|2027|836
4060421010820345|06|2025|227
4060428188884151|04|2027|125
4060426451471458|04|2025|082
4060425505186385|07|2027|546
4060421273714557|07|2026|761
4060428827427677|05|2025|757
4060424611557258|10|2024|361
4060424850508186|02|2024|305
4060428457400218|01|2026|751
4060426784626786|08|2027|828
4060425853445300|12|2027|228
4060425180621821|08|2026|008
4060428500541703|08|2024|317
4060423806266824|08|2024|871
4060421784880640|10|2026|866
4060427405762612|01|2027|446
4060421373812566|08|2025|216
4060425256151141|11|2027|788
4060423206442546|08|2026|148
4060422001371736|02|2026|376
4060425221755760|03|2026|333
4060428410286027|11|2024|161
4060424536710164|02|2025|051
4060420062018022|04|2027|203
4060421557581011|08|2027|785
4060425525435218|12|2026|124
4060426733646018|02|2024|855
4060425228657845|03|2027|740
4060424763728228|04|2027|811
4060423868161053|11|2027|134
4060421533021637|07|2027|113
4060421626168162|02|2026|733
4060423452411435|02|2025|843
4060424847587384|12|2027|135
4060420236481874|03|2026|143
4060428472313651|08|2026|364
4060427405828306|10|2024|716
4060424626432166|11|2027|654
4060424001467464|09|2026|236
4060423115261151|03|2024|163
4060426553221413|08|2024|302
4060424711310145|01|2025|777
4060425040186635|01|2024|845
4060420532775458|07|2026|313
4060425007033101|04|2026|428
4060421310062333|08|2027|638
4060422400374067|07|2026|511
4060422404511466|12|2027|258
4060423567805026|09|2026|312
4060427234045882|09|2027|687
4060427347041745|08|2025|700
4060427215083274|04|2026|803
4060421742882753|09|2024|614
4060422478425247|12|2027|566
4060423170517257|04|2027|601
4060421131306711|05|2025|081
4060428667128328|07|2026|726
4060425657563522|06|2025|036
4060422441857880|12|2025|483
4060425878201027|02|2027|318
4060421255116821|12|2026|017
4060423222773221|09|2025|848
4060422601051514|03|2027|633
4060427018628762|11|2027|746
4060422832265032|10|2027|603
4060428428363735|04|2026|753
4060424156248586|09|2026|427
4060420487477308|08|2027|856
4060420013645865|06|2024|461
4060425525217350|01|2027|303
4060423741606373|09|2026|180
4060423088535433|04|2027|000
4060428641222437|01|2026|081
4060424637472813|04|2025|657
4060427517460253|10|2025|880
4060423445866240|08|2027|314
4060423767406567|03|2025|681
4060427384564344|02|2027|338
4060424775336143|04|2025|241
4060426310254210|06|2027|612
4060427013556703|09|2026|332
4060423764615384|07|2027|230
4060425823771256|06|2025|880
4060422673404468|06|2027|040
4060426153540584|09|2025|464
4060421032315480|02|2025|467
4060427754460503|07|2024|505
4060422721708480|10|2027|110
4060426778348850|03|2026|247
4060425164308700|02|2024|426
4060421312562124|11|2027|826
4060420283804713|09|2025|031
4060421643858555|03|2026|818
4060427583016674|01|2026|657
4060422212758556|08|2027|315
4060423830524826|08|2025|821
4060426342314412|12|2027|201
4060425748142625|08|2024|506
4060428285618650|02|2025|680
4060425388184648|07|2027|587
4060420753516540|02|2024|455
4060428321142541|01|2024|727
4060424883653504|11|2027|725
4060422646541305|08|2026|834
4060425082215847|04|2024|676
4060420273162825|01|2024|570
4060427272305032|05|2026|584
4060428182506081|07|2025|881
4060422841126530|05|2025|377
4060427640684357|08|2025|202
4060427765180264|10|2027|775
4060428888721331|07|2024|018
4060421640631732|07|2026|448
4060423241180630|08|2027|851
4060423222046461|11|2026|184
4060426522678651|02|2025|634
4060421841321786|09|2024|062
4060427875830543|05|2024|054
4060427853742108|09|2027|085
4060423101628462|04|2027|113
4060420545214115|11|2026|475
4060420616811542|03|2025|842
4060426260327834|04|2027|010
4060422678861076|12|2024|433
4060427186652156|09|2024|646
4060425361068818|06|2025|330
4060427068705700|04|2024|877
4060428555430802|08|2027|701
4060423188152352|10|2027|243
4060425607606181|08|2027|360
4060422442725425|08|2024|315
4060425164128587|05|2026|541
4060426801226800|07|2024|088
4060420084613040|08|2027|720
4060420610544354|12|2024|047
4060422204012822|06|2027|817
4060423773631760|06|2024|121
4060425618532525|03|2027|452
4060424706810414|10|2025|053
4060425711670073|12|2024|320
4060424613630400|06|2027|054
4060421650484261|10|2027|617
4060423353862686|07|2024|708
4060421464131140|01|2027|124
4060428744055866|05|2024|028
4060426770058226|11|2025|872
4060426422055075|11|2026|455
4060424077407147|02|2026|585
4060425475387641|01|2026|485
4060423656075838|10|2024|136
4060426101220230|03|2025|474
4060424236056678|07|2027|843
4060426062025081|12|2024|382
4060425024865717|09|2024|580
4060426112650268|10|2026|672
4060423135426586|01|2025|875
4060423323087281|05|2025|508
4060422560516648|09|2024|116
4060426506662622|04|2026|744
4060425830482087|08|2025|465
4060423364542517|08|2024|242
4060421175478764|08|2027|616
4060420384581137|07|2027|766
4060425266136488|12|2026|115
4060420538547281|10|2025|638
4060421777002558|03|2025|833
4060421138821076|02|2026|732
4060427112764851|07|2025|072
4060427416070880|05|2025|641
4060420017318030|08|2027|675
4060423224457765|01|2026|712
4060421424683073|07|2025|338
4060420804002144|11|2027|381
4060424527642335|03|2024|346
4060420167648400|11|2026|642
4060422515168735|10|2026|302
4060425082233360|09|2024|877
4060422768267358|01|2026|427
4060427485455608|10|2027|704
4060422245580183|08|2027|407
4060420162440746|10|2025|068
4060425837728631|05|2025|407
4060421767525063|06|2026|104
4060424651770647|08|2025|460
4060428164602874|01|2024|674
4060422566004870|12|2027|680
4060428134261587|05|2024|074
4060427817120755|05|2027|161
4060426651552388|09|2027|116
4060425158847531|05|2026|707
4060427508201005|03|2027|713
4060426340601455|03|2027|276
4060427441265463|06|2025|175
4060423708010882|06|2026|468
4060423334224113|03|2025|744
4060428837004466|12|2026|858
4060420758175433|12|2025|660
4060428844427031|04|2026|125
4060423616585678|08|2027|164
4060421286552887|12|2026|281
4060423731488238|09|2026|420
4060422034243175|08|2024|551
4060427451826105|11|2027|274
4060426251277402|08|2024|677
4060420701263385|07|2025|626
4060428311854055|10|2025|015
4060421406348224|09|2024|767
4060428506881061|04|2027|752
4060425142471216|03|2024|656
4060424761818625|07|2027|040
4060422511457603|01|2027|025
4060428517552032|02|2024|426
4060421628250406|09|2025|607
4060423541332378|09|2027|252
4060427727605630|01|2027|127
4060422635652113|01|2026|764
4060426754023725|09|2024|481
4060420516138186|09|2024|153
4060425337710832|03|2026|353
4060427215173067|06|2026|720
4060422761813547|08|2024|408
4060423618704657|05|2027|137
4060423640265354|04|2025|511
4060424502072250|03|2024|130
4060423074043327|07|2025|122
4060421464684742|07|2025|374
4060421463736162|06|2027|408
4060420611382838|02|2025|501
4060427318002627|11|2024|538
4060422661364377|02|2026|370
4060426283344774|11|2025|822
4060426326073216|02|2024|124
4060421730340053|12|2024|486
4060420671614872|10|2026|857
4060423834206743|07|2024|885
4060425705320180|03|2024|670
4060423182883580|10|2026|686
4060424423658526|09|2026|785
4060420120410351|08|2024|812
4060427453445888|04|2027|240
4060420455265644|04|2024|133
4060427534813385|05|2027|320
4060423450862175|02|2025|433
4060421170043480|08|2026|156
4060427742433125|07|2024|223
4060424705654375|04|2024|437
4060422057836202|02|2025|268
4060421632850308|01|2025|705
4060426845652706|05|2027|008
4060424755410322|02|2024|624
4060425358827325|08|2025|167
4060420545784158|07|2025|738
4060421274037115|07|2027|248
4060427510518834|03|2024|074
4060428454262447|04|2027|351
4060422173434767|05|2024|503
4060424521131822|07|2025|680
4060421381722260|09|2025|533
4060423007138723|09|2027|157
4060421170653064|08|2024|500
4060425053476550|10|2025|274
4060422133207246|03|2025|658
4060420474813085|05|2025|776
4060421277832884|12|2026|650
4060423046784172|07|2025|121
4060424042637786|02|2026|307
4060426525024267|03|2027|044
4060428110231604|10|2024|310
4060422208611884|08|2024|168
4060421573521546|02|2027|267
4060423477550035|05|2026|271
4060426202815417|04|2025|860
4060421341717277|08|2025|856
4060424703138363|10|2026|455
4060420544552556|06|2027|313
4060422840044783|04|2024|162
4060428104657277|03|2025|846
4060420367208054|07|2026|554
4060425238503526|06|2026|636
4060428358358242|09|2024|332
4060423356110240|11|2027|162
4060422463085261|08|2024|648
4060420558710710|04|2025|115
4060424108884652|08|2026|311
4060428820825034|03|2025|480
4060420311515315|11|2026|087
4060426216361465|11|2026|342
4060421134464715|07|2025|878
4060425074348572|05|2024|882
4060428414751687|10|2024|705
4060424856244315|01|2025|137
4060426750452803|05|2026|476
4060420804500154|03|2026|037
4060423557862573|02|2026|030
4060422061656653|05|2024|030
4060425482253240|02|2026|867
4060425414543163|10|2025|158
4060421857752833|02|2024|244
4060426360188201|03|2026|836
4060428606318832|04|2024|083
4060423127871013|02|2027|728
4060426837523725|06|2025|483
4060422515158207|09|2026|078
4060421075732831|12|2026|323
4060420072300527|03|2025|623
4060421267401732|05|2024|400
4060428176265108|07|2027|512
4060422347415775|06|2025|320
4060423203470888|05|2027|580
4060421587265270|03|2024|074
4060427638641880|03|2024|818
4060425281362762|07|2027|478
4060421467267438|01|2024|881
4060426805353626|08|2025|220
4060422223660213|06|2025|011
4060426068686712|09|2024|747
4060423507102716|07|2025|810
4060426626270405|11|2026|852
4060422884334041|12|2026|646
4060421627635615|05|2027|116
4060420836077783|12|2027|881
4060426682130766|02|2027|186
4060428326877414|05|2027|378
4060422283728447|07|2024|075
4060421841734814|10|2024|378
4060428620158511|02|2026|332
4060421587782860|10|2026|451
4060425835356252|03|2025|231
4060421682057820|08|2025|545
4060424477765417|09|2025|080
4060421281405461|09|2026|804
4060421801178036|02|2024|082
4060426584506170|12|2024|278
4060422354065547|06|2025|801
4060425813862818|07|2027|311
4060428255437362|09|2025|731
4060420658413777|12|2026|136
4060422304311538|02|2024|141
4060423236031715|03|2024|317
4060426100177662|09|2027|480
4060423110360651|10|2026|145
4060423570082688|03|2027|767
4060422182416888|07|2027|731
4060422834040573|04|2027|240
4060423273838063|01|2024|878
4060426461676674|10|2024|560
4060421324642757|08|2024|517
4060422166078480|02|2025|118
4060424258823765|09|2024|414
4060423087012368|02|2025|847
4060426750544682|12|2027|308
4060423148485603|10|2026|801
4060425617364615|08|2027|215
4060427648813354|11|2025|484
4060423041156236|05|2026|717
4060428760264285|02|2024|520
4060428250714211|10|2026|677
4060428025732118|03|2025|642
4060422653328877|03|2026|845
4060421442224603|07|2026|156
4060420843441154|10|2024|650
4060426826808368|01|2026|565
4060421135854872|11|2024|534
4060423230174446|08|2026|468
4060426756672867|08|2027|586
4060425765352545|08|2026|234
4060426518183047|12|2025|407
4060424532725182|09|2025|648
4060425372211001|01|2025|440
4060424235588184|08|2026|132
4060425668030263|06|2024|020
4060426100376587|10|2024|214
4060425067821205|05|2026|343
4060426603847852|03|2027|023
4060422670812176|05|2024|786
4060427745001184|11|2026|112
4060425035526050|10|2025|608
4060423640840347|08|2025|321
4060422111740853|12|2024|687
4060422216158274|01|2027|021
4060425507782561|10|2024|683
4060420155630030|08|2027|053
4060420470746651|11|2027|804
4060428087135200|11|2025|510
4060423313217567|09|2024|266
4060425671353017|01|2024|347
4060423603140560|06|2027|023
4060423357540353|08|2024|026
4060426864842071|03|2024|373
4060424782270178|03|2027|603
4060425532303664|06|2025|455
4060428070014362|12|2027|827
4060423365060642|08|2024|823
4060423074107023|08|2024|674
4060423860500837|11|2024|752
4060425512051820|08|2027|373
4060424533431145|09|2025|212
4060425538585041|03|2024|360
4060422460732071|05|2026|358
4060423452436432|06|2025|314
4060420485434533|08|2027|653
4060428867552061|10|2026|818
4060428572043331|05|2027|732
4060426181146560|04|2027|585
4060420320645202|03|2027|164
4060425207731462|10|2025|227
4060427173200878|12|2027|127
4060423687551872|02|2024|068
4060425240874832|05|2024|710
4060425200027223|06|2027|613
4060423253756038|01|2025|357
4060421647555827|10|2024|808
4060428118113770|08|2025|300
4060420634717150|11|2025|383
4060427870250564|11|2024|642
4060426638857470|06|2026|041
4060425723004568|09|2025|651
4060422085804354|03|2024|182
4060421555055562|11|2026|617
4060424452561377|11|2027|077
4060426800074367|04|2026|248
4060424220185822|02|2027|781
4060422844105630|04|2027|421
4060420716351357|05|2027|153
4060427786058143|03|2025|777
4060426383077100|06|2027|122
4060422016307071|07|2025|570
4060422154525757|10|2025|108
4060421383528053|08|2027|224
4060422157677266|10|2027|473
4060422305742137|06|2026|485
4060425105532350|07|2025|478
4060421627701581|05|2024|338
4060420100485415|01|2025|874
4060420642484504|06|2024|450
4060420024550823|11|2024|436
4060423868332704|10|2024|020
4060427108572540|09|2024|501
4060422142226872|11|2025|786
4060421150853064|08|2025|377
4060428316300658|09|2027|456
